# Provinance: Digitized from PANOSETI oscilloscope trace image
# - https://deeply-alpaca-50c.notion.site/MAROC-and-FPGA-walkthrough-notes-cdbef63cc64248a98114e3e9542ec324
# - Retrieved: 2026-09-29
# - Spline intepolation and relaxation function applied
# - See /data/CTA02/fegan/PANOSETI/Fit shaper curves.ipynb
# Copyright notice: Copyright (c) 2026, Stephen Fegan, LLR
# License: CC-BY-SA-4.0
# Comment: PANOSETI fast shaper impulse response in units of mV
#
# Low-gain channel is for compatibility with NectarCam pulse file
#
# T        HG      LG
# [ns]    [mV]    [mV]
#
0.000     0.00    0.00
0.250     1.48    1.48
0.500     2.97    2.97
0.750     4.54    4.54
1.000     6.23    6.23
1.250     8.08    8.08
1.500    10.15   10.15
1.750    12.47   12.47
2.000    15.09   15.09
2.250    18.06   18.06
2.500    21.41   21.41
2.750    25.16   25.16
3.000    29.34   29.34
3.250    33.97   33.97
3.500    39.08   39.08
3.750    44.71   44.71
4.000    50.89   50.89
4.250    57.60   57.60
4.500    64.86   64.86
4.750    72.65   72.65
5.000    80.98   80.98
5.250    89.76   89.76
5.500    98.88   98.88
5.750   108.22  108.22
6.000   117.67  117.67
6.250   127.09  127.09
6.500   136.24  136.24
6.750   144.91  144.91
7.000   152.87  152.87
7.250   159.86  159.86
7.500   165.86  165.86
7.750   170.97  170.97
8.000   175.29  175.29
8.250   178.89  178.89
8.500   181.77  181.77
8.750   183.95  183.95
9.000   185.47  185.47
9.250   186.33  186.33
9.500   186.57  186.57
9.750   185.99  185.99
10.000  184.33  184.33
10.250  181.35  181.35
10.500  176.80  176.80
10.750  170.44  170.44
11.000  161.97  161.97
11.250  151.10  151.10
11.500  137.46  137.46
11.750  120.94  120.94
12.000  101.85  101.85
12.250   80.25   80.25
12.500   56.99   56.99
12.750   33.47   33.47
13.000   10.54   10.54
13.250  -10.84  -10.84
13.500  -29.45  -29.45
13.750  -45.28  -45.28
14.000  -58.86  -58.86
14.250  -70.59  -70.59
14.500  -80.88  -80.88
14.750  -90.17  -90.17
15.000  -98.52  -98.52
15.250 -105.94 -105.94
15.500 -112.44 -112.44
15.750 -118.06 -118.06
16.000 -122.84 -122.84
16.250 -126.83 -126.83
16.500 -130.07 -130.07
16.750 -132.53 -132.53
17.000 -134.07 -134.07
17.250 -134.56 -134.56
17.500 -134.09 -134.09
17.750 -132.69 -132.69
18.000 -130.45 -130.45
18.250 -127.41 -127.41
18.500 -123.63 -123.63
18.750 -119.15 -119.15
19.000 -113.99 -113.99
19.250 -108.18 -108.18
19.500 -101.86 -101.86
19.750  -95.24  -95.24
20.000  -88.49  -88.49
20.250  -81.82  -81.82
20.500  -75.16  -75.16
20.750  -68.46  -68.46
21.000  -61.65  -61.65
21.250  -54.64  -54.64
21.500  -47.38  -47.38
21.750  -39.80  -39.80
22.000  -31.80  -31.80
22.250  -23.53  -23.53
22.500  -15.24  -15.24
22.750   -7.15   -7.15
23.000    0.49    0.49
23.250    7.49    7.49
23.500   13.73   13.73
23.750   19.12   19.12
24.000   23.50   23.50
24.250   26.90   26.90
24.500   29.42   29.42
24.750   31.13   31.13
25.000   32.13   32.13
25.250   32.50   32.50
25.500   32.33   32.33
25.750   31.65   31.65
26.000   30.51   30.51
26.250   28.97   28.97
26.500   27.07   27.07
26.750   24.85   24.85
27.000   22.36   22.36
27.250   19.66   19.66
27.500   16.83   16.83
27.750   13.98   13.98
28.000   11.20   11.20
28.250    8.60    8.60
28.500    6.21    6.21
28.750    4.00    4.00
29.000    1.95    1.95
29.250    0.05    0.05
29.500   -1.72   -1.72
29.750   -3.39   -3.39
30.000   -4.98   -4.98
30.250   -6.50   -6.50
30.500   -8.00   -8.00
30.750   -9.49   -9.49
31.000  -11.00  -11.00
31.250  -12.57  -12.57
31.500  -14.21  -14.21
31.750  -15.96  -15.96
32.000  -17.85  -17.85
32.250  -19.89  -19.89
32.500  -22.04  -22.04
32.750  -24.21  -24.21
33.000  -26.37  -26.37
33.250  -28.43  -28.43
33.500  -30.34  -30.34
33.750  -32.07  -32.07
34.000  -33.63  -33.63
34.250  -35.02  -35.02
34.500  -36.25  -36.25
34.750  -37.32  -37.32
35.000  -38.23  -38.23
35.250  -39.00  -39.00
35.500  -39.61  -39.61
35.750  -40.07  -40.07
36.000  -40.40  -40.40
36.250  -40.58  -40.58
36.500  -40.63  -40.63
36.750  -40.55  -40.55
37.000  -40.35  -40.35
37.250  -40.04  -40.04
37.500  -39.64  -39.64
37.750  -39.15  -39.15
38.000  -38.58  -38.58
38.250  -37.94  -37.94
38.500  -37.25  -37.25
38.750  -36.52  -36.52
39.000  -35.75  -35.75
39.250  -34.96  -34.96
39.500  -34.15  -34.15
39.750  -33.34  -33.34
40.000  -32.54  -32.54
40.250  -31.75  -31.75
40.500  -30.98  -30.98
40.750  -30.24  -30.24
41.000  -29.50  -29.50
41.250  -28.78  -28.78
41.500  -28.05  -28.05
41.750  -27.32  -27.32
42.000  -26.58  -26.58
42.250  -25.82  -25.82
42.500  -25.05  -25.05
42.750  -24.26  -24.26
43.000  -23.44  -23.44
43.250  -22.61  -22.61
43.500  -21.74  -21.74
43.750  -20.85  -20.85
44.000  -19.94  -19.94
44.250  -19.01  -19.01
44.500  -18.06  -18.06
44.750  -17.12  -17.12
45.000  -16.18  -16.18
45.250  -15.27  -15.27
45.500  -14.37  -14.37
45.750  -13.51  -13.51
46.000  -12.68  -12.68
46.250  -11.89  -11.89
46.500  -11.15  -11.15
46.750  -10.47  -10.47
47.000   -9.83   -9.83
47.250   -9.26   -9.26
47.500   -8.74   -8.74
47.750   -8.28   -8.28
48.000   -7.87   -7.87
48.250   -7.50   -7.50
48.500   -7.17   -7.17
48.750   -6.86   -6.86
49.000   -6.57   -6.57
49.250   -6.30   -6.30
49.500   -6.04   -6.04
49.750   -5.79   -5.79
50.000   -5.54   -5.54
50.250   -5.29   -5.29
50.500   -5.03   -5.03
50.750   -4.77   -4.77
51.000   -4.50   -4.50
51.250   -4.23   -4.23
51.500   -3.94   -3.94
51.750   -3.65   -3.65
52.000   -3.34   -3.34
52.250   -3.04   -3.04
52.500   -2.74   -2.74
52.750   -2.45   -2.45
53.000   -2.17   -2.17
53.250   -1.89   -1.89
53.500   -1.64   -1.64
53.750   -1.40   -1.40
54.000   -1.18   -1.18
54.250   -0.98   -0.98
54.500   -0.79   -0.79
54.750   -0.63   -0.63
55.000   -0.49   -0.49
55.250   -0.37   -0.37
55.500   -0.27   -0.27
55.750   -0.19   -0.19
56.000   -0.13   -0.13
56.250   -0.08   -0.08
56.500   -0.04   -0.04
56.750   -0.01   -0.01
57.000    0.01    0.01
57.250    0.02    0.02
57.500    0.02    0.02
57.750    0.02    0.02
58.000    0.02    0.02
58.250    0.02    0.02
58.500    0.02    0.02
58.750    0.01    0.01
59.000    0.01    0.01
59.250    0.00    0.00
59.500    0.00    0.00
59.750    0.00    0.00
60.000    0.00    0.00
60.250    0.00    0.00
60.500    0.00    0.00
60.750    0.00    0.00
61.000    0.00    0.00
61.250    0.00    0.00
61.500    0.00    0.00
61.750    0.00    0.00
62.000    0.00    0.00
62.250    0.00    0.00
62.500    0.00    0.00
62.750    0.00    0.00
63.000    0.00    0.00
63.250    0.00    0.00
63.500    0.00    0.00
63.750    0.00    0.00
