# Provinance: Digitized from PANOSETI oscilloscope trace image
# - https://deeply-alpaca-50c.notion.site/MAROC-and-FPGA-walkthrough-notes-cdbef63cc64248a98114e3e9542ec324
# - Retrieved: 2026-09-29
# - Spline intepolation and relaxation function applied
# - See /data/CTA02/fegan/PANOSETI/Fit shaper curves.ipynb
# Copyright notice: Copyright (c) 2026, Stephen Fegan, LLR
# License: CC-BY-SA-4.0
# Comment: PANOSETI slow shaper impulse response in units of mV
#
# Low-gain channel is for compatibility with NectarCam pulse file
#
# T        HG      LG
# [ns]    [mV]    [mV]
#
0.000     0.00    0.00
2.000    -0.35   -0.35
4.000    -0.66   -0.66
6.000    -0.89   -0.89
8.000    -0.97   -0.97
10.000   -0.86   -0.86
12.000   -0.44   -0.44
14.000    0.40    0.40
16.000    1.79    1.79
18.000    3.84    3.84
20.000    6.61    6.61
22.000   10.17   10.17
24.000   14.57   14.57
26.000   19.87   19.87
28.000   26.04   26.04
30.000   33.10   33.10
32.000   41.02   41.02
34.000   49.71   49.71
36.000   59.02   59.02
38.000   68.94   68.94
40.000   79.60   79.60
42.000   90.93   90.93
44.000  102.63  102.63
46.000  114.46  114.46
48.000  126.24  126.24
50.000  137.84  137.84
52.000  149.19  149.19
54.000  160.29  160.29
56.000  171.01  171.01
58.000  181.20  181.20
60.000  190.76  190.76
62.000  199.60  199.60
64.000  207.71  207.71
66.000  215.07  215.07
68.000  221.67  221.67
70.000  227.51  227.51
72.000  232.56  232.56
74.000  236.83  236.83
76.000  240.32  240.32
78.000  243.04  243.04
80.000  244.97  244.97
82.000  246.02  246.02
84.000  246.16  246.16
86.000  245.29  245.29
88.000  243.50  243.50
90.000  240.90  240.90
92.000  237.61  237.61
94.000  233.74  233.74
96.000  229.33  229.33
98.000  224.43  224.43
100.000  219.09  219.09
102.000  213.34  213.34
104.000  207.23  207.23
106.000  200.79  200.79
108.000  194.06  194.06
110.000  187.06  187.06
112.000  179.84  179.84
114.000  172.40  172.40
116.000  164.76  164.76
118.000  156.93  156.93
120.000  148.92  148.92
122.000  140.72  140.72
124.000  132.36  132.36
126.000  123.85  123.85
128.000  115.23  115.23
130.000  106.55  106.55
132.000   97.86   97.86
134.000   89.21   89.21
136.000   80.62   80.62
138.000   72.12   72.12
140.000   63.68   63.68
142.000   55.29   55.29
144.000   46.87   46.87
146.000   38.39   38.39
148.000   29.86   29.86
150.000   21.28   21.28
152.000   12.65   12.65
154.000    3.97    3.97
156.000   -4.74   -4.74
158.000  -13.46  -13.46
160.000  -22.13  -22.13
162.000  -30.72  -30.72
164.000  -39.15  -39.15
166.000  -47.35  -47.35
168.000  -55.27  -55.27
170.000  -62.83  -62.83
172.000  -69.96  -69.96
174.000  -76.61  -76.61
176.000  -82.76  -82.76
178.000  -88.37  -88.37
180.000  -93.41  -93.41
182.000  -97.87  -97.87
184.000 -101.71 -101.71
186.000 -104.92 -104.92
188.000 -107.51 -107.51
190.000 -109.50 -109.50
192.000 -110.94 -110.94
194.000 -111.86 -111.86
196.000 -112.33 -112.33
198.000 -112.44 -112.44
200.000 -112.26 -112.26
202.000 -111.88 -111.88
204.000 -111.32 -111.32
206.000 -110.62 -110.62
208.000 -109.80 -109.80
210.000 -108.90 -108.90
212.000 -107.93 -107.93
214.000 -106.93 -106.93
216.000 -105.92 -105.92
218.000 -104.92 -104.92
220.000 -103.89 -103.89
222.000 -102.82 -102.82
224.000 -101.68 -101.68
226.000 -100.44 -100.44
228.000  -99.14  -99.14
230.000  -97.80  -97.80
232.000  -96.43  -96.43
234.000  -95.04  -95.04
236.000  -93.66  -93.66
238.000  -92.28  -92.28
240.000  -90.92  -90.92
242.000  -89.58  -89.58
244.000  -88.25  -88.25
246.000  -86.92  -86.92
248.000  -85.59  -85.59
250.000  -84.25  -84.25
252.000  -82.89  -82.89
254.000  -81.50  -81.50
256.000  -80.08  -80.08
258.000  -78.63  -78.63
260.000  -77.18  -77.18
262.000  -75.73  -75.73
264.000  -74.29  -74.29
266.000  -72.87  -72.87
268.000  -71.49  -71.49
270.000  -70.14  -70.14
272.000  -68.84  -68.84
274.000  -67.58  -67.58
276.000  -66.37  -66.37
278.000  -65.22  -65.22
280.000  -64.12  -64.12
282.000  -63.04  -63.04
284.000  -61.96  -61.96
286.000  -60.87  -60.87
288.000  -59.75  -59.75
290.000  -58.61  -58.61
292.000  -57.43  -57.43
294.000  -56.23  -56.23
296.000  -55.02  -55.02
298.000  -53.81  -53.81
300.000  -52.63  -52.63
302.000  -51.50  -51.50
304.000  -50.41  -50.41
306.000  -49.36  -49.36
308.000  -48.33  -48.33
310.000  -47.33  -47.33
312.000  -46.34  -46.34
314.000  -45.38  -45.38
316.000  -44.44  -44.44
318.000  -43.52  -43.52
320.000  -42.62  -42.62
322.000  -41.72  -41.72
324.000  -40.80  -40.80
326.000  -39.86  -39.86
328.000  -38.92  -38.92
330.000  -37.98  -37.98
332.000  -37.04  -37.04
334.000  -36.12  -36.12
336.000  -35.21  -35.21
338.000  -34.32  -34.32
340.000  -33.45  -33.45
342.000  -32.60  -32.60
344.000  -31.78  -31.78
346.000  -30.98  -30.98
348.000  -30.19  -30.19
350.000  -29.43  -29.43
352.000  -28.69  -28.69
354.000  -27.97  -27.97
356.000  -27.26  -27.26
358.000  -26.58  -26.58
360.000  -25.91  -25.91
362.000  -25.26  -25.26
364.000  -24.62  -24.62
366.000  -24.00  -24.00
368.000  -23.40  -23.40
370.000  -22.80  -22.80
372.000  -22.22  -22.22
374.000  -21.65  -21.65
376.000  -21.09  -21.09
378.000  -20.54  -20.54
380.000  -19.99  -19.99
382.000  -19.44  -19.44
384.000  -18.89  -18.89
386.000  -18.34  -18.34
388.000  -17.79  -17.79
390.000  -17.25  -17.25
392.000  -16.70  -16.70
394.000  -16.15  -16.15
396.000  -15.60  -15.60
398.000  -15.05  -15.05
400.000  -14.51  -14.51
402.000  -13.97  -13.97
404.000  -13.43  -13.43
406.000  -12.90  -12.90
408.000  -12.38  -12.38
410.000  -11.87  -11.87
412.000  -11.36  -11.36
414.000  -10.87  -10.87
416.000  -10.38  -10.38
418.000   -9.91   -9.91
420.000   -9.45   -9.45
422.000   -9.00   -9.00
424.000   -8.56   -8.56
426.000   -8.13   -8.13
428.000   -7.72   -7.72
430.000   -7.32   -7.32
432.000   -6.94   -6.94
434.000   -6.56   -6.56
436.000   -6.21   -6.21
438.000   -5.86   -5.86
440.000   -5.52   -5.52
442.000   -5.20   -5.20
444.000   -4.89   -4.89
446.000   -4.59   -4.59
448.000   -4.31   -4.31
450.000   -4.03   -4.03
452.000   -3.77   -3.77
454.000   -3.52   -3.52
456.000   -3.28   -3.28
458.000   -3.05   -3.05
460.000   -2.83   -2.83
462.000   -2.62   -2.62
464.000   -2.42   -2.42
466.000   -2.22   -2.22
468.000   -2.04   -2.04
470.000   -1.87   -1.87
472.000   -1.71   -1.71
474.000   -1.55   -1.55
476.000   -1.40   -1.40
478.000   -1.27   -1.27
480.000   -1.14   -1.14
482.000   -1.02   -1.02
484.000   -0.90   -0.90
486.000   -0.80   -0.80
488.000   -0.70   -0.70
490.000   -0.61   -0.61
492.000   -0.53   -0.53
494.000   -0.45   -0.45
496.000   -0.38   -0.38
498.000   -0.32   -0.32
500.000   -0.27   -0.27
502.000   -0.22   -0.22
504.000   -0.17   -0.17
506.000   -0.14   -0.14
508.000   -0.11   -0.11
510.000   -0.08   -0.08
